start parsing 69 lines:
--------------------
24 10
160 1000 800 840
100
0.1
[1, 22, 33, 43, 53, 63, 73, 84, 94, 104]
[1, 22, 32, 42, 51, 61, 71, 81, 91, 100]
[]
--------------------
iteration: 0, E = [  0   0   0   0   0   0   0   0  19 110 224 285 335 350 331 283 134  20  18   8   0   0   0   0]
S	=	 [ 7  7  7  6  6  6  7  8  9 10 10 10 10 10 10 10 10  7  6  2  2  2  2  2]
Jumps	=	 [13]
Quality	=	 [1681]
iteration: 1, E = [  0   0   0   0   0   0   0   0  12 129 215 287 355 290 331 192 134  23  18   5   0   0   0   0]
S	=	 [ 8  7  6  6  5  6  7  8  9 10 10 10 10 10 10 10 10  7  6  2  2  2  2  2]
Jumps	=	 [13, 16]
Quality	=	 [1681, 1671]
iteration: 2, E = [  0   0   0   0   0   0   0   0  22 111 224 176 335 339 331 251 138  20  15   8   0   0   0   0]
S	=	 [ 8  7  7  6  5  6  7  8  9 10 10 10 10 10 10 10 10  4  4  4  3  3  2  2]
Jumps	=	 [13, 16, 16]
Quality	=	 [1681, 1671, 1673]
iteration: 3, E = [  0   0   0   0   0   0   0   0  20  88 257 285 341 392 297 251 128  20  13   5   0   0   0   0]
S	=	 [ 9  8  7  6  6  5  6  7  8  9 10 10 10 10 10 10 10  5  4  4  3  2  2  2]
Jumps	=	 [13, 16, 16, 17]
Quality	=	 [1681, 1671, 1673, 1653]
iteration: 4, E = [  0   0   0   0   0   0   0   0  22  67 259 285 375 350 261 288 139  22  13   8   0   0   0   0]
S	=	 [ 9  8  7  6  4  5  6  7  8  9 10 10 10 10 10 10 10  4  4  4  3  3  2  2]
Jumps	=	 [13, 16, 16, 17, 19]
Quality	=	 [1681, 1671, 1673, 1653, 1635]
iteration: 5, E = [  0   0   0   0   0   0   0   0  16 110 224 285 298 409 331 200 143  20  18   7   0   0   0   0]
S	=	 [ 8  7  6  6  5  6  7  8  9 10 10 10 10 10 10 10 10  7  7  5  2  2  1  1]
Jumps	=	 [13, 16, 16, 17, 19, 17]
Quality	=	 [1681, 1671, 1673, 1653, 1635, 1668]
iteration: 6, E = [  0   0   0   0   0   0   0   0  19 110 217 285 201 399 337 308 150  20  19   8   0   0   0   0]
S	=	 [ 7  7  7  6  6  6  7  8  9 10 10 10 10 10 10 10 10  6  5  4  2  2  2  2]
Jumps	=	 [13, 16, 16, 17, 19, 17, 13]
Quality	=	 [1681, 1671, 1673, 1653, 1635, 1668, 1681]
iteration: 7, E = [  0   0   0   0   0   0   0   0  19 110 215 285 351 248 331 283  83  13  18   7   0   0   0   0]
S	=	 [ 7  7  7  6  6  6  7  8  9 10 10 10 10 10 10 10  8  7  4  3  2  2  2  2]
Jumps	=	 [13, 16, 16, 17, 19, 17, 13, 13]
Quality	=	 [1681, 1671, 1673, 1653, 1635, 1668, 1681, 1653]
iteration: 8, E = [  0   0   0   0   0   0   0   0  19  85 224 267 314 322 331 257 142  20  19   8   0   0   0   0]
S	=	 [ 9  8  7  6  6  5  6  7  8  9 10 10 10 10 10 10 10  6  5  4  2  2  2  2]
Jumps	=	 [13, 16, 16, 17, 19, 17, 13, 13, 17]
Quality	=	 [1681, 1671, 1673, 1653, 1635, 1668, 1681, 1653, 1662]
iteration: 9, E = [  0   0   0   0   0   0   0   0  19 102 224 233 268 304 377 263 123  22  18   6   0   0   0   0]
S	=	 [ 7  7  7  7  7  7  7  7  7 10 10 10 10 10 10 10 10  7  6  2  2  2  2  2]
Jumps	=	 [13, 16, 16, 17, 19, 17, 13, 13, 17, 11]
Quality	=	 [1681, 1671, 1673, 1653, 1635, 1668, 1681, 1653, 1662, 1681]
------------------------------------------------------------------------------------------
Quality IoT (min,max,avg): 68.125, 70.042, 69.408
Jumps IoT (min,max,avg): 11.000, 19.000, 15.200
Time (min,max,avg): 913.000, 919.000, 915.700
