#----------------------------------------------
K = 24
N = 10
BMIN = 160
BINIT = 800
BMAX = 1000
BSAMPLING = 840
EnergyForLevel = 1.00
MAX_QUALITY_LVL = 100

c_i = [  1, 22, 33, 43, 53, 63, 73, 84, 94,104]
q_i = [  1, 22, 32, 42, 51, 61, 71, 81, 91,100]

e_i = [  0,  0,  0,  0,  0,  0,  0,  0, 19,110,224,285,335,350,331,283,134, 20, 18,  8,  0,  0,  0,  0]
E_i = [  0,  0,  0,  0,  0,  0,  0,  0, 19,110,224,285,335,350,331,283,134, 20, 18,  8,  0,  0,  0,  0]
#----------------------------------------------
it,Energy = 0,2117
E = [0,0,0,0,0,0,0,0,19,110,224,285,335,350,331,283,134,20,18,8,0,0,0,0]
Q = 1682
S = [9,9,9,7,7,7,7,6,2,10,10,10,10,10,10,10,10,7,6,2,2,2,2,2]
Time = 432
it,Energy = 1,1991
E = [0,0,0,0,0,0,0,0,12,129,215,287,355,290,331,192,134,23,18,5,0,0,0,0]
Q = 1674
S = [10,9,9,9,9,4,4,4,4,10,10,10,10,10,10,10,10,7,6,2,2,2,2,2]
Time = 432
it,Energy = 2,1970
E = [0,0,0,0,0,0,0,0,22,111,224,176,335,339,331,251,138,20,15,8,0,0,0,0]
Q = 1676
S = [9,9,9,9,9,9,4,3,2,10,10,10,10,10,10,10,10,4,4,4,4,2,2,2]
Time = 432
it,Energy = 3,2097
E = [0,0,0,0,0,0,0,0,20,88,257,285,341,392,297,251,128,20,13,5,0,0,0,0]
Q = 1657
S = [10,9,9,9,9,4,4,4,4,9,10,10,10,10,10,10,10,4,4,4,4,2,2,2]
Time = 432
it,Energy = 4,2089
E = [0,0,0,0,0,0,0,0,22,67,259,285,375,350,261,288,139,22,13,8,0,0,0,0]
Q = 1638
S = [9,9,9,9,9,4,4,4,4,8,10,10,10,10,10,10,10,4,4,4,4,2,2,2]
Time = 432
it,Energy = 5,2061
E = [0,0,0,0,0,0,0,0,16,110,224,285,298,409,331,200,143,20,18,7,0,0,0,0]
Q = 1671
S = [10,9,9,9,9,4,4,4,4,10,10,10,10,10,10,10,10,10,7,2,2,2,1,1]
Time = 432
it,Energy = 6,2073
E = [0,0,0,0,0,0,0,0,19,110,217,285,201,399,337,308,150,20,19,8,0,0,0,0]
Q = 1683
S = [9,9,9,7,7,7,7,6,2,10,10,10,10,10,10,10,10,9,4,2,2,2,2,2]
Time = 432
it,Energy = 7,1963
E = [0,0,0,0,0,0,0,0,19,110,215,285,351,248,331,283,83,13,18,7,0,0,0,0]
Q = 1654
S = [9,9,9,7,7,7,7,6,2,10,10,10,10,10,10,10,10,4,4,4,2,2,2,2]
Time = 432
it,Energy = 8,2008
E = [0,0,0,0,0,0,0,0,19,85,224,267,314,322,331,257,142,20,19,8,0,0,0,0]
Q = 1665
S = [9,9,9,9,9,7,6,2,2,9,10,10,10,10,10,10,10,9,4,2,2,2,2,2]
Time = 432
it,Energy = 9,1959
E = [0,0,0,0,0,0,0,0,19,102,224,233,268,304,377,263,123,22,18,6,0,0,0,0]
Q = 1681
S = [7,7,7,7,7,7,7,7,7,10,10,10,10,10,10,10,10,7,6,2,2,2,2,2]
Time = 432

