start parsing 68 lines:
--------------------
24 10
160 2000 1800 1840
100
[1, 22, 33, 43, 53, 63, 73, 84, 94, 104]
[1, 22, 32, 42, 51, 61, 71, 81, 91, 100]
[]
--------------------
iteration: 0, E = [  0   0   0   0   0   0   0   0  19 110 224 285 335 350 331 283 134  20  18   8   0   0   0   0]
S	=	 [10 10 10 10 10 10 10 10 10 10 10 10 10 10 10 10 10  7  6  2  2  2  2  2]
Jumps	=	 [8]
Quality	=	 [1942]
iteration: 1, E = [  0   0   0   0   0   0   0   0  10 103 172 230 284 232 264 153 107  19  14   4   0   0   0   0]
S	=	 [10 10  9  9  9  9  7  7  7  7  7  7  7  7  7  7  7  7  2  2  2  2  2  2]
Jumps	=	 [8, 8]
Quality	=	 [1942, 1548]
iteration: 2, E = [  0   0   0   0   0   0   0   0  18  88 179 141 268 271 264 201 110  16  12   6   0   0   0   0]
S	=	 [9 9 9 9 9 9 9 9 9 7 7 7 7 7 7 7 6 2 2 2 2 2 2 2]
Jumps	=	 [8, 8, 7]
Quality	=	 [1942, 1548, 1531]
iteration: 3, E = [  0   0   0   0   0   0   0   0  16  70 206 228 273 313 238 201 102  16  10   4   0   0   0   0]
S	=	 [9 9 9 9 9 9 9 9 9 9 9 7 7 7 7 7 7 7 2 2 2 2 2 2]
Jumps	=	 [8, 8, 7, 7]
Quality	=	 [1942, 1548, 1531, 1630]
iteration: 4, E = [  0   0   0   0   0   0   0   0  17  53 207 228 300 280 209 230 111  17  10   6   0   0   0   0]
S	=	 [9 9 9 9 9 9 9 9 9 9 9 9 9 7 7 7 7 2 2 2 2 2 2 2]
Jumps	=	 [8, 8, 7, 7, 7]
Quality	=	 [1942, 1548, 1531, 1630, 1621]
iteration: 5, E = [  0   0   0   0   0   0   0   0  13  88 179 228 238 327 264 160 114  16  14   5   0   0   0   0]
S	=	 [9 9 9 9 9 9 9 9 9 9 7 7 7 7 7 7 7 6 2 2 2 2 2 2]
Jumps	=	 [8, 8, 7, 7, 7, 7]
Quality	=	 [1942, 1548, 1531, 1630, 1621, 1600]
iteration: 6, E = [  0   0   0   0   0   0   0   0  15  88 173 228 160 319 270 246 120  16  15   6   0   0   0   0]
S	=	 [9 9 9 9 9 9 9 9 9 9 7 7 7 7 7 7 7 7 2 2 2 2 2 2]
Jumps	=	 [8, 8, 7, 7, 7, 7, 7]
Quality	=	 [1942, 1548, 1531, 1630, 1621, 1600, 1610]
iteration: 7, E = [  0   0   0   0   0   0   0   0  15  88 172 228 281 198 264 226  66  10  14   6   0   0   0   0]
S	=	 [9 9 9 9 9 9 9 9 9 9 9 9 9 9 4 3 2 2 2 2 2 2 2 2]
Jumps	=	 [8, 8, 7, 7, 7, 7, 7, 7]
Quality	=	 [1942, 1548, 1531, 1630, 1621, 1600, 1610, 1524]
iteration: 8, E = [  0   0   0   0   0   0   0   0  15  68 179 214 251 257 264 206 113  16  15   6   0   0   0   0]
S	=	 [9 9 9 9 9 9 9 9 7 7 7 7 7 7 7 7 7 6 2 2 2 2 2 2]
Jumps	=	 [8, 8, 7, 7, 7, 7, 7, 7, 7]
Quality	=	 [1942, 1548, 1531, 1630, 1621, 1600, 1610, 1524, 1560]
iteration: 9, E = [  0   0   0   0   0   0   0   0  15  81 179 186 214 243 301 210  98  17  14   4   0   0   0   0]
S	=	 [9 9 9 9 9 9 7 7 7 7 7 7 7 7 7 7 7 6 2 2 2 2 2 2]
Jumps	=	 [8, 8, 7, 7, 7, 7, 7, 7, 7, 7]
Quality	=	 [1942, 1548, 1531, 1630, 1621, 1600, 1610, 1524, 1560, 1520]
------------------------------------------------------------------------------------------
Quality IoT (min,max,avg): 63.333, 80.917, 67.025
Jumps IoT (min,max,avg): 7.000, 8.000, 7.200
Time (min,max,avg): 999.000, 1000.000, 999.800
