#----------------------------------------------
K = 24
N = 10
BMIN = 160
BINIT = 1800
BMAX = 2000
BSAMPLING = 1840
EnergyForLevel = 1.00
MAX_QUALITY_LVL = 100

c_i = [  1, 22, 33, 43, 53, 63, 73, 84, 94,104]
q_i = [  1, 22, 32, 42, 51, 61, 71, 81, 91,100]

e_i = [  0,  0,  0,  0,  0,  0,  0,  0, 19,110,224,285,335,350,331,283,134, 20, 18,  8,  0,  0,  0,  0]
E_i = [  0,  0,  0,  0,  0,  0,  0,  0, 19,110,224,285,335,350,331,283,134, 20, 18,  8,  0,  0,  0,  0]
#----------------------------------------------
it,Energy = 0,2117
E = [0,0,0,0,0,0,0,0,19,110,224,285,335,350,331,283,134,20,18,8,0,0,0,0]
Q = 1942
S = [10,10,10,10,10,10,10,10,10,10,10,10,10,10,10,10,10,7,6,2,2,2,2,2]
Time = 1000
it,Energy = 1,1592
E = [0,0,0,0,0,0,0,0,10,103,172,230,284,232,264,153,107,19,14,4,0,0,0,0]
Q = 1548
S = [10,10,9,9,9,9,7,7,7,7,7,7,7,7,7,7,7,7,2,2,2,2,2,2]
Time = 999
it,Energy = 2,1574
E = [0,0,0,0,0,0,0,0,18,88,179,141,268,271,264,201,110,16,12,6,0,0,0,0]
Q = 1531
S = [9,9,9,9,9,9,9,9,9,7,7,7,7,7,7,7,6,2,2,2,2,2,2,2]
Time = 1000
it,Energy = 3,1677
E = [0,0,0,0,0,0,0,0,16,70,206,228,273,313,238,201,102,16,10,4,0,0,0,0]
Q = 1630
S = [9,9,9,9,9,9,9,9,9,9,9,7,7,7,7,7,7,7,2,2,2,2,2,2]
Time = 1000
it,Energy = 4,1668
E = [0,0,0,0,0,0,0,0,17,53,207,228,300,280,209,230,111,17,10,6,0,0,0,0]
Q = 1621
S = [9,9,9,9,9,9,9,9,9,9,9,9,9,7,7,7,7,2,2,2,2,2,2,2]
Time = 1000
it,Energy = 5,1646
E = [0,0,0,0,0,0,0,0,13,88,179,228,238,327,264,160,114,16,14,5,0,0,0,0]
Q = 1600
S = [9,9,9,9,9,9,9,9,9,9,7,7,7,7,7,7,7,6,2,2,2,2,2,2]
Time = 999
it,Energy = 6,1656
E = [0,0,0,0,0,0,0,0,15,88,173,228,160,319,270,246,120,16,15,6,0,0,0,0]
Q = 1610
S = [9,9,9,9,9,9,9,9,9,9,7,7,7,7,7,7,7,7,2,2,2,2,2,2]
Time = 1000
it,Energy = 7,1568
E = [0,0,0,0,0,0,0,0,15,88,172,228,281,198,264,226,66,10,14,6,0,0,0,0]
Q = 1524
S = [9,9,9,9,9,9,9,9,9,9,9,9,9,9,4,3,2,2,2,2,2,2,2,2]
Time = 1000
it,Energy = 8,1604
E = [0,0,0,0,0,0,0,0,15,68,179,214,251,257,264,206,113,16,15,6,0,0,0,0]
Q = 1560
S = [9,9,9,9,9,9,9,9,7,7,7,7,7,7,7,7,7,6,2,2,2,2,2,2]
Time = 1000
it,Energy = 9,1562
E = [0,0,0,0,0,0,0,0,15,81,179,186,214,243,301,210,98,17,14,4,0,0,0,0]
Q = 1520
S = [9,9,9,9,9,9,7,7,7,7,7,7,7,7,7,7,7,6,2,2,2,2,2,2]
Time = 1000

