start parsing 70 lines:
--------------------
24 10
160 2000 1800 1840
100
0.6
[1, 22, 33, 43, 53, 63, 73, 84, 94, 104]
[1, 22, 32, 42, 51, 61, 71, 81, 91, 100]
[]
--------------------
iteration: 0, E = [  0   0   0   0   0   0   0   0  15  88 179 228 268 280 264 226 107  16  14   6   0   0   0   0]
S	=	 [9 9 9 9 9 9 9 9 9 8 8 8 7 7 7 7 7 4 4 4 3 2 2 2]
Jumps	=	 [7]
Quality	=	 [1641]
iteration: 1, E = [  0   0   0   0   0   0   0   0  10 103 171 230 284 232 264 153 107  19  14   4   0   0   0   0]
S	=	 [8 8 8 8 8 8 8 8 8 8 8 7 7 7 7 7 7 4 4 3 3 3 2 2]
Jumps	=	 [7, 6]
Quality	=	 [1641, 1541]
iteration: 2, E = [  0   0   0   0   0   0   0   0  17  88 179 141 268 271 264 201 110  16  11   6   0   0   0   0]
S	=	 [8 8 8 8 8 8 8 8 8 7 7 7 7 7 7 7 7 3 3 3 3 3 3 3]
Jumps	=	 [7, 6, 5]
Quality	=	 [1641, 1541, 1521]
iteration: 3, E = [  0   0   0   0   0   0   0   0  16  70 205 228 273 313 237 201 102  16  10   4   0   0   0   0]
S	=	 [9 9 9 8 8 8 8 8 8 8 8 8 8 8 8 8 7 4 4 4 3 2 2 2]
Jumps	=	 [7, 6, 5, 7]
Quality	=	 [1641, 1541, 1521, 1621]
iteration: 4, E = [  0   0   0   0   0   0   0   0  17  53 207 228 300 280 208 230 111  17  10   6   0   0   0   0]
S	=	 [9 8 8 8 8 8 8 8 8 8 8 8 8 8 8 8 8 4 4 3 3 3 2 2]
Jumps	=	 [7, 6, 5, 7, 7]
Quality	=	 [1641, 1541, 1521, 1621, 1611]
iteration: 5, E = [  0   0   0   0   0   0   0   0  12  88 179 228 238 327 264 160 114  16  14   5   0   0   0   0]
S	=	 [8 8 8 8 8 8 8 8 8 8 8 8 8 8 8 8 7 4 4 4 3 2 2 2]
Jumps	=	 [7, 6, 5, 7, 7, 6]
Quality	=	 [1641, 1541, 1521, 1621, 1611, 1591]
iteration: 6, E = [  0   0   0   0   0   0   0   0  15  88 173 228 160 319 269 246 119  16  15   6   0   0   0   0]
S	=	 [9 9 8 8 8 8 8 8 8 8 8 8 8 8 8 7 7 4 4 4 3 2 2 2]
Jumps	=	 [7, 6, 5, 7, 7, 6, 7]
Quality	=	 [1641, 1541, 1521, 1621, 1611, 1591, 1601]
iteration: 7, E = [  0   0   0   0   0   0   0   0  15  88 171 228 281 198 264 226  66  10  14   5   0   0   0   0]
S	=	 [9 9 9 8 8 8 8 7 7 7 7 7 7 7 7 7 6 4 4 4 3 2 2 2]
Jumps	=	 [7, 6, 5, 7, 7, 6, 7, 7]
Quality	=	 [1641, 1541, 1521, 1621, 1611, 1591, 1601, 1521]
iteration: 8, E = [  0   0   0   0   0   0   0   0  15  68 179 214 251 257 264 205 113  16  15   6   0   0   0   0]
S	=	 [8 8 8 8 8 8 8 8 8 8 8 8 7 7 7 7 7 4 3 3 3 3 3 2]
Jumps	=	 [7, 6, 5, 7, 7, 6, 7, 7, 6]
Quality	=	 [1641, 1541, 1521, 1621, 1611, 1591, 1601, 1521, 1551]
iteration: 9, E = [  0   0   0   0   0   0   0   0  15  81 179 186 214 243 300 210  98  17  14   4   0   0   0   0]
S	=	 [8 8 8 8 8 8 8 8 7 7 7 7 7 7 7 7 7 3 3 3 3 3 3 3]
Jumps	=	 [7, 6, 5, 7, 7, 6, 7, 7, 6, 5]
Quality	=	 [1641, 1541, 1521, 1621, 1611, 1591, 1601, 1521, 1551, 1511]
------------------------------------------------------------------------------------------
Quality IoT (min,max,avg): 62.958, 68.375, 65.458
Jumps IoT (min,max,avg): 5.000, 7.000, 6.300
Time (min,max,avg): 1834.000, 1885.000, 1861.900
