#----------------------------------------------
K = 24
N = 10
BMIN = 160
BINIT = 1800
BMAX = 2000
BSAMPLING = 1840
EnergyForLevel = 1.00
MAX_QUALITY_LVL = 100
EPSILON = 0.30

c_i = [  1, 22, 33, 43, 53, 63, 73, 84, 94,104]
q_i = [  1, 22, 32, 42, 51, 61, 71, 81, 91,100]

e_i = [  0,  0,  0,  0,  0,  0,  0,  0, 15, 88,179,228,268,280,264,226,107, 16, 14,  6,  0,  0,  0,  0]
E_i = [  0,  0,  0,  0,  0,  0,  0,  0, 15, 88,179,228,268,280,264,226,107, 16, 14,  6,  0,  0,  0,  0]
#----------------------------------------------
it,Energy = 0,1691
E = [0,0,0,0,0,0,0,0,15,88,179,228,268,280,264,226,107,16,14,6,0,0,0,0]
Q = 1623
S = [9,9,9,9,9,9,9,8,8,8,8,8,8,8,7,7,7,6,5,2,2,2,2,2]
Time = 1884
it,Energy = 1,1591
E = [0,0,0,0,0,0,0,0,10,103,171,230,284,232,264,153,107,19,14,4,0,0,0,0]
Q = 1528
S = [8,8,8,8,8,8,8,8,8,8,8,8,7,7,7,7,6,4,4,4,3,2,2,2]
Time = 1844
it,Energy = 2,1572
E = [0,0,0,0,0,0,0,0,17,88,179,141,268,271,264,201,110,16,11,6,0,0,0,0]
Q = 1512
S = [9,9,9,9,9,7,7,7,7,7,7,7,7,7,7,7,7,6,5,2,2,2,2,2]
Time = 1844
it,Energy = 3,1675
E = [0,0,0,0,0,0,0,0,16,70,205,228,273,313,237,201,102,16,10,4,0,0,0,0]
Q = 1606
S = [10,10,10,10,9,9,9,9,7,7,7,7,7,7,7,7,7,6,5,2,2,2,2,2]
Time = 1877
it,Energy = 4,1667
E = [0,0,0,0,0,0,0,0,17,53,207,228,300,280,208,230,111,17,10,6,0,0,0,0]
Q = 1603
S = [9,9,9,9,9,9,9,9,9,8,7,7,7,7,7,7,7,6,5,2,2,2,2,2]
Time = 1879
it,Energy = 5,1645
E = [0,0,0,0,0,0,0,0,12,88,179,228,238,327,264,160,114,16,14,5,0,0,0,0]
Q = 1579
S = [10,9,9,9,9,9,9,9,7,7,7,7,7,7,7,7,7,6,5,2,2,2,2,2]
Time = 1871
it,Energy = 6,1654
E = [0,0,0,0,0,0,0,0,15,88,173,228,160,319,269,246,119,16,15,6,0,0,0,0]
Q = 1586
S = [9,9,9,8,8,8,8,8,8,8,8,8,8,8,8,7,6,4,4,4,3,2,2,2]
Time = 1884
it,Energy = 7,1566
E = [0,0,0,0,0,0,0,0,15,88,171,228,281,198,264,226,66,10,14,5,0,0,0,0]
Q = 1505
S = [9,9,8,8,8,8,8,8,7,7,7,7,7,7,7,7,6,5,4,4,2,2,2,2]
Time = 1833
it,Energy = 8,1603
E = [0,0,0,0,0,0,0,0,15,68,179,214,251,257,264,205,113,16,15,6,0,0,0,0]
Q = 1540
S = [9,9,9,9,9,9,9,8,8,8,8,7,7,7,6,5,4,3,3,3,3,3,3,3]
Time = 1858
it,Energy = 9,1561
E = [0,0,0,0,0,0,0,0,15,81,179,186,214,243,300,210,98,17,14,4,0,0,0,0]
Q = 1500
S = [9,9,9,9,9,8,8,8,8,7,7,7,7,7,6,5,4,3,3,3,3,3,3,3]
Time = 1840

