start parsing 69 lines:
--------------------
24 10
160 2000 1800 1840
100
0.1
[1, 22, 33, 43, 53, 63, 73, 84, 94, 104]
[1, 22, 32, 42, 51, 61, 71, 81, 91, 100]
[]
--------------------
iteration: 0, E = [  0   0   0   0   0   0   0   3  45 133 215 285 327 339 322 255  60  66  63  23   9   0   0   0]
S	=	 [10 10 10 10 10 10 10 10 10 10 10 10 10 10 10 10  7  7  7  7  6  2  2  2]
Jumps	=	 [8]
Quality	=	 [2011]
iteration: 1, E = [  0   0   0   0   0   0   0   8 126 376 520 520 520 520 520 520 155 177 168  60  23   0   0   0]
S	=	 [10 10 10 10 10 10 10 10 10 10 10 10 10 10 10 10 10 10 10  7  7  7  6  1]
Jumps	=	 [8, 9]
Quality	=	 [2011, 2175]
iteration: 2, E = [  0   0   0   0   0   0   0   8 117 333 520 520 520 520 520 520 152 166 178  58  25   0   0   0]
S	=	 [10 10 10 10 10 10 10 10 10 10 10 10 10 10 10 10 10 10 10  7  7  7  6  1]
Jumps	=	 [8, 9, 9]
Quality	=	 [2011, 2175, 2175]
iteration: 3, E = [  0   0   0   0   0   0   0   8 118 336 520 520 520 520 520 520 155 174 182  62  24   0   0   0]
S	=	 [10 10 10 10 10 10 10 10 10 10 10 10 10 10 10 10 10 10 10  8  6  5  4  4]
Jumps	=	 [8, 9, 9, 6]
Quality	=	 [2011, 2175, 2175, 2177]
iteration: 4, E = [  0   0   0   0   0   0   0   8 121 371 520 520 520 520 520 520 159 171 167  60  25   0   0   0]
S	=	 [10 10 10 10 10 10 10 10 10 10 10 10 10 10 10 10 10 10 10  7  7  5  4  4]
Jumps	=	 [8, 9, 9, 6, 6]
Quality	=	 [2011, 2175, 2175, 2177, 2177]
iteration: 5, E = [  0   0   0   0   0   0   0   7 113 380 520 520 520 520 520 520 173 175 171  60  24   0   0   0]
S	=	 [10 10 10 10 10 10 10 10 10 10 10 10 10 10 10 10 10 10 10  7  7  7  4  2]
Jumps	=	 [8, 9, 9, 6, 6, 8]
Quality	=	 [2011, 2175, 2175, 2177, 2177, 2177]
iteration: 6, E = [  0   0   0   0   0   0   0   8 130 385 520 520 520 520 520 520 170 185 173  58  22   0   0   0]
S	=	 [10 10 10 10 10 10 10 10 10 10 10 10 10 10 10 10 10 10 10  7  6  5  4  4]
Jumps	=	 [8, 9, 9, 6, 6, 8, 6]
Quality	=	 [2011, 2175, 2175, 2177, 2177, 2177, 2167]
iteration: 7, E = [  0   0   0   0   0   0   0   7 122 368 520 520 520 520 520 520 172 184 158  64  24   0   0   0]
S	=	 [10 10 10 10 10 10 10 10 10 10 10 10 10 10 10 10 10 10 10  8  6  5  4  4]
Jumps	=	 [8, 9, 9, 6, 6, 8, 6, 6]
Quality	=	 [2011, 2175, 2175, 2177, 2177, 2177, 2167, 2177]
iteration: 8, E = [  0   0   0   0   0   0   0   8 126 348 520 520 520 520 520 520 174 181 172  57  24   0   0   0]
S	=	 [10 10 10 10 10 10 10 10 10 10 10 10 10 10 10 10 10 10 10  7  6  5  4  4]
Jumps	=	 [8, 9, 9, 6, 6, 8, 6, 6, 6]
Quality	=	 [2011, 2175, 2175, 2177, 2177, 2177, 2167, 2177, 2167]
iteration: 9, E = [  0   0   0   0   0   0   0   7 124 384 520 520 520 520 520 520 172 174 160  60  22   0   0   0]
S	=	 [10 10 10 10 10 10 10 10 10 10 10 10 10 10 10 10 10 10 10  7  6  5  4  4]
Jumps	=	 [8, 9, 9, 6, 6, 8, 6, 6, 6, 6]
Quality	=	 [2011, 2175, 2175, 2177, 2177, 2177, 2167, 2177, 2167, 2167]
------------------------------------------------------------------------------------------
Quality IoT (min,max,avg): 83.792, 90.708, 89.875
Jumps IoT (min,max,avg): 6.000, 9.000, 7.000
Time (min,max,avg): 1906.000, 2015.000, 2002.600
