start parsing 69 lines:
--------------------
24 10
160 2000 1800 1840
100
1.0
[1, 22, 33, 43, 53, 63, 73, 84, 94, 104]
[1, 22, 32, 42, 51, 61, 71, 81, 91, 100]
[]
--------------------
iteration: 0, E = [  0   0   0   0   0   0   0   3  45 133 215 285 327 339 322 255  60  66  63  23   9   0   0   0]
S	=	 [10 10 10 10 10 10 10 10 10 10 10 10 10 10 10 10  6  6  6  5  4  4  4  4]
Jumps	=	 [6]
Quality	=	 [2002]
iteration: 1, E = [  0   0   0   0   0   0   0   8 126 376 520 520 520 520 520 520 155 177 168  60  23   0   0   0]
S	=	 [10 10 10 10 10 10 10 10 10 10 10 10 10 10 10 10 10 10 10  6  5  5  5  5]
Jumps	=	 [6, 5]
Quality	=	 [2002, 2165]
iteration: 2, E = [  0   0   0   0   0   0   0   8 117 333 520 520 520 520 520 520 152 166 178  58  25   0   0   0]
S	=	 [10 10 10 10 10 10 10 10 10 10 10 10 10 10 10 10 10 10 10  6  5  5  5  5]
Jumps	=	 [6, 5, 5]
Quality	=	 [2002, 2165, 2165]
iteration: 3, E = [  0   0   0   0   0   0   0   8 118 336 520 520 520 520 520 520 155 174 182  62  24   0   0   0]
S	=	 [10 10 10 10 10 10 10 10 10 10 10 10 10 10 10 10 10 10 10  6  6  5  5  5]
Jumps	=	 [6, 5, 5, 5]
Quality	=	 [2002, 2165, 2165, 2175]
iteration: 4, E = [  0   0   0   0   0   0   0   8 121 371 520 520 520 520 520 520 159 171 167  60  25   0   0   0]
S	=	 [10 10 10 10 10 10 10 10 10 10 10 10 10 10 10 10 10 10 10  6  6  5  5  5]
Jumps	=	 [6, 5, 5, 5, 5]
Quality	=	 [2002, 2165, 2165, 2175, 2175]
iteration: 5, E = [  0   0   0   0   0   0   0   7 113 380 520 520 520 520 520 520 173 175 171  60  24   0   0   0]
S	=	 [10 10 10 10 10 10 10 10 10 10 10 10 10 10 10 10 10 10 10  6  5  5  5  5]
Jumps	=	 [6, 5, 5, 5, 5, 5]
Quality	=	 [2002, 2165, 2165, 2175, 2175, 2165]
iteration: 6, E = [  0   0   0   0   0   0   0   8 130 385 520 520 520 520 520 520 170 185 173  58  22   0   0   0]
S	=	 [10 10 10 10 10 10 10 10 10 10 10 10 10 10 10 10 10 10 10  6  5  5  5  5]
Jumps	=	 [6, 5, 5, 5, 5, 5, 5]
Quality	=	 [2002, 2165, 2165, 2175, 2175, 2165, 2165]
iteration: 7, E = [  0   0   0   0   0   0   0   7 122 368 520 520 520 520 520 520 172 184 158  64  24   0   0   0]
S	=	 [10 10 10 10 10 10 10 10 10 10 10 10 10 10 10 10 10 10 10  6  6  5  5  5]
Jumps	=	 [6, 5, 5, 5, 5, 5, 5, 5]
Quality	=	 [2002, 2165, 2165, 2175, 2175, 2165, 2165, 2175]
iteration: 8, E = [  0   0   0   0   0   0   0   8 126 348 520 520 520 520 520 520 174 181 172  57  24   0   0   0]
S	=	 [10 10 10 10 10 10 10 10 10 10 10 10 10 10 10 10 10 10 10  6  5  5  5  5]
Jumps	=	 [6, 5, 5, 5, 5, 5, 5, 5, 5]
Quality	=	 [2002, 2165, 2165, 2175, 2175, 2165, 2165, 2175, 2165]
iteration: 9, E = [  0   0   0   0   0   0   0   7 124 384 520 520 520 520 520 520 172 174 160  60  22   0   0   0]
S	=	 [10 10 10 10 10 10 10 10 10 10 10 10 10 10 10 10 10 10 10  6  5  5  5  5]
Jumps	=	 [6, 5, 5, 5, 5, 5, 5, 5, 5, 5]
Quality	=	 [2002, 2165, 2165, 2175, 2175, 2165, 2165, 2175, 2165, 2165]
------------------------------------------------------------------------------------------
Quality IoT (min,max,avg): 83.417, 90.625, 89.654
Jumps IoT (min,max,avg): 5.000, 6.000, 5.100
Time (min,max,avg): 1105.000, 1116.000, 1114.800
