#----------------------------------------------
K = 24
N = 10
BMIN = 160
BINIT = 1800
BMAX = 2000
BSAMPLING = 1840
EnergyForLevel = 1.00
MAX_QUALITY_LVL = 100
EPSILON = 0.30

c_i = [  1, 22, 33, 43, 53, 63, 73, 84, 94,104]
q_i = [  1, 22, 32, 42, 51, 61, 71, 81, 91,100]

e_i = [  0,  0,  0,  0,  0,  0,  0,  3, 45,133,215,285,327,339,322,255, 60, 66, 63, 23,  9,  0,  0,  0]
E_i = [  0,  0,  0,  0,  0,  0,  0,  3, 45,133,215,285,327,339,322,255, 60, 66, 63, 23,  9,  0,  0,  0]
#----------------------------------------------
it,Energy = 0,2145
E = [0,0,0,0,0,0,0,3,45,133,215,285,327,339,322,255,60,66,63,23,9,0,0,0]
Q = 1987
S = [10,10,10,10,10,10,10,10,10,10,10,10,10,10,10,10,6,6,6,5,4,4,4,4]
Time = 1911
it,Energy = 1,4213
E = [0,0,0,0,0,0,0,8,126,376,520,520,520,520,520,520,155,177,168,60,23,0,0,0]
Q = 2152
S = [10,10,10,10,10,10,10,10,10,10,10,10,10,10,10,10,10,10,10,6,5,5,5,5]
Time = 2015
it,Energy = 2,4157
E = [0,0,0,0,0,0,0,8,117,333,520,520,520,520,520,520,152,166,178,58,25,0,0,0]
Q = 2152
S = [10,10,10,10,10,10,10,10,10,10,10,10,10,10,10,10,10,10,10,6,5,5,5,5]
Time = 2015
it,Energy = 3,4179
E = [0,0,0,0,0,0,0,8,118,336,520,520,520,520,520,520,155,174,182,62,24,0,0,0]
Q = 2162
S = [10,10,10,10,10,10,10,10,10,10,10,10,10,10,10,10,10,10,10,6,6,5,5,5]
Time = 2019
it,Energy = 4,4202
E = [0,0,0,0,0,0,0,8,121,371,520,520,520,520,520,520,159,171,167,60,25,0,0,0]
Q = 2162
S = [10,10,10,10,10,10,10,10,10,10,10,10,10,10,10,10,10,10,10,6,6,5,5,5]
Time = 2016
it,Energy = 5,4223
E = [0,0,0,0,0,0,0,7,113,380,520,520,520,520,520,520,173,175,171,60,24,0,0,0]
Q = 2155
S = [10,10,10,10,10,10,10,10,10,10,10,10,10,10,10,10,10,10,10,7,6,6,6,2]
Time = 2018
it,Energy = 6,4251
E = [0,0,0,0,0,0,0,8,130,385,520,520,520,520,520,520,170,185,173,58,22,0,0,0]
Q = 2152
S = [10,10,10,10,10,10,10,10,10,10,10,10,10,10,10,10,10,10,10,6,5,5,5,5]
Time = 2018
it,Energy = 7,4219
E = [0,0,0,0,0,0,0,7,122,368,520,520,520,520,520,520,172,184,158,64,24,0,0,0]
Q = 2162
S = [10,10,10,10,10,10,10,10,10,10,10,10,10,10,10,10,10,10,10,6,6,5,5,5]
Time = 2018
it,Energy = 8,4210
E = [0,0,0,0,0,0,0,8,126,348,520,520,520,520,520,520,174,181,172,57,24,0,0,0]
Q = 2152
S = [10,10,10,10,10,10,10,10,10,10,10,10,10,10,10,10,10,10,10,6,5,5,5,5]
Time = 2019
it,Energy = 9,4223
E = [0,0,0,0,0,0,0,7,124,384,520,520,520,520,520,520,172,174,160,60,22,0,0,0]
Q = 2152
S = [10,10,10,10,10,10,10,10,10,10,10,10,10,10,10,10,10,10,10,6,5,5,5,5]
Time = 2015

