start parsing 69 lines:
--------------------
24 10
160 1000 800 840
100
0.5
[1, 22, 33, 43, 53, 63, 73, 84, 94, 104]
[1, 22, 32, 42, 51, 61, 71, 81, 91, 100]
[]
--------------------
iteration: 0, E = [  0   0   0   0   0   0   0   0  19 110 224 285 335 350 331 283 134  20  18   8   0   0   0   0]
S	=	 [ 7  7  7  7  7  7  7  7  7 10 10 10 10 10 10 10 10  4  3  3  3  3  3  3]
Jumps	=	 [10]
Quality	=	 [1673]
iteration: 1, E = [  0   0   0   0   0   0   0   0  12 129 215 287 355 290 331 192 134  23  18   5   0   0   0   0]
S	=	 [ 6  7  7  7  7  7  7  7  7 10 10 10 10 10 10 10 10  4  3  3  3  3  3  3]
Jumps	=	 [10, 11]
Quality	=	 [1673, 1663]
iteration: 2, E = [  0   0   0   0   0   0   0   0  22 111 224 176 335 339 331 251 138  20  15   8   0   0   0   0]
S	=	 [ 7  7  7  7  7  7  7  7  7 10 10 10 10 10 10 10 10  4  3  3  3  3  3  3]
Jumps	=	 [10, 11, 10]
Quality	=	 [1673, 1663, 1673]
iteration: 3, E = [  0   0   0   0   0   0   0   0  20  88 257 285 341 392 297 251 128  20  13   5   0   0   0   0]
S	=	 [ 7  7  7  7  7  7  7  7  7  8 10 10 10 10 10 10 10  4  4  4  4  2  2  2]
Jumps	=	 [10, 11, 10, 11]
Quality	=	 [1673, 1663, 1673, 1654]
iteration: 4, E = [  0   0   0   0   0   0   0   0  22  67 259 285 375 350 261 288 139  22  13   8   0   0   0   0]
S	=	 [ 6  7  7  7  7  7  7  7  7  7 10 10 10 10 10 10 10  4  3  3  3  3  3  3]
Jumps	=	 [10, 11, 10, 11, 11]
Quality	=	 [1673, 1663, 1673, 1654, 1634]
iteration: 5, E = [  0   0   0   0   0   0   0   0  16 110 224 285 298 409 331 200 143  20  18   7   0   0   0   0]
S	=	 [ 6  7  7  7  7  7  7  7  7 10 10 10 10 10 10 10 10  4  3  3  3  3  3  3]
Jumps	=	 [10, 11, 10, 11, 11, 11]
Quality	=	 [1673, 1663, 1673, 1654, 1634, 1663]
iteration: 6, E = [  0   0   0   0   0   0   0   0  19 110 217 285 201 399 337 308 150  20  19   8   0   0   0   0]
S	=	 [ 7  7  7  7  7  7  7  7  7 10 10 10 10 10 10 10 10  4  3  3  3  3  3  3]
Jumps	=	 [10, 11, 10, 11, 11, 11, 10]
Quality	=	 [1673, 1663, 1673, 1654, 1634, 1663, 1673]
iteration: 7, E = [  0   0   0   0   0   0   0   0  19 110 215 285 351 248 331 283  83  13  18   7   0   0   0   0]
S	=	 [ 7  7  7  7  7  7  7  7  7 10 10 10 10 10 10 10  9  5  4  4  2  2  2  2]
Jumps	=	 [10, 11, 10, 11, 11, 11, 10, 11]
Quality	=	 [1673, 1663, 1673, 1654, 1634, 1663, 1673, 1653]
iteration: 8, E = [  0   0   0   0   0   0   0   0  19  85 224 267 314 322 331 257 142  20  19   8   0   0   0   0]
S	=	 [ 7  7  7  7  7  7  7  7  7  8 10 10 10 10 10 10 10  4  3  3  3  3  3  3]
Jumps	=	 [10, 11, 10, 11, 11, 11, 10, 11, 10]
Quality	=	 [1673, 1663, 1673, 1654, 1634, 1663, 1673, 1653, 1654]
iteration: 9, E = [  0   0   0   0   0   0   0   0  19 102 224 233 268 304 377 263 123  22  18   6   0   0   0   0]
S	=	 [ 7  7  7  7  7  7  7  7  7 10 10 10 10 10 10 10 10  4  3  3  3  3  3  3]
Jumps	=	 [10, 11, 10, 11, 11, 11, 10, 11, 10, 10]
Quality	=	 [1673, 1663, 1673, 1654, 1634, 1663, 1673, 1653, 1654, 1673]
------------------------------------------------------------------------------------------
Quality IoT (min,max,avg): 68.083, 69.708, 69.221
Jumps IoT (min,max,avg): 10.000, 11.000, 10.500
Time (min,max,avg): 835.000, 840.000, 837.500
