start parsing 69 lines:
--------------------
24 10
160 2000 1800 1840
100
0.8
[1, 22, 33, 43, 53, 63, 73, 84, 94, 104]
[1, 22, 32, 42, 51, 61, 71, 81, 91, 100]
[]
--------------------
iteration: 0, E = [  0   0   0   0   0   0   0   0  19 110 224 285 335 350 331 283 134  20  18   8   0   0   0   0]
S	=	 [10 10 10 10 10 10 10 10 10 10 10 10 10 10 10 10 10  4  3  3  3  3  3  3]
Jumps	=	 [7]
Quality	=	 [1934]
iteration: 1, E = [  0   0   0   0   0   0   0   0  14  74 150 225 318 336 241 237 121  18  14   6   0   0   0   0]
S	=	 [10 10 10  9  9  9  9  9  9  9  9  9  7  7  7  7  7  3  3  3  3  3  3  3]
Jumps	=	 [7, 7]
Quality	=	 [1934, 1698]
iteration: 2, E = [  0   0   0   0   0   0   0   0  16  99 152 256 331 234 311 271  99  18  11   7   0   0   0   0]
S	=	 [9 9 9 9 9 9 9 9 9 9 9 9 9 9 8 8 8 3 3 3 3 3 3 3]
Jumps	=	 [7, 7, 6]
Quality	=	 [1934, 1698, 1741]
iteration: 3, E = [  0   0   0   0   0   0   0   0  18  73 217 176 217 301 321 257 112  17  13   5   0   0   0   0]
S	=	 [9 9 9 9 9 9 9 9 9 8 8 8 8 8 8 7 7 3 3 3 3 3 3 3]
Jumps	=	 [7, 7, 6, 6]
Quality	=	 [1934, 1698, 1741, 1671]
iteration: 4, E = [  0   0   0   0   0   0   0   0  13 100 190 171 257 255 198 226  95  17  14   7   0   0   0   0]
S	=	 [8 8 8 8 8 8 7 7 7 7 7 7 7 7 7 7 7 3 3 3 3 3 3 3]
Jumps	=	 [7, 7, 6, 6, 5]
Quality	=	 [1934, 1698, 1741, 1671, 1491]
iteration: 5, E = [  0   0   0   0   0   0   0   0  15  69 165 242 301 294 294 198 128  19  11   6   0   0   0   0]
S	=	 [9 9 9 9 9 9 9 9 8 8 8 8 8 8 8 8 8 3 3 3 3 3 3 3]
Jumps	=	 [7, 7, 6, 6, 5, 6]
Quality	=	 [1934, 1698, 1741, 1671, 1491, 1681]
iteration: 6, E = [  0   0   0   0   0   0   0   0  18  78 150 225 247 213 278 217 117  16  11   4   0   0   0   0]
S	=	 [8 8 8 8 8 8 8 8 8 7 7 7 7 7 7 7 7 3 3 3 3 3 3 3]
Jumps	=	 [7, 7, 6, 6, 5, 6, 5]
Quality	=	 [1934, 1698, 1741, 1671, 1491, 1681, 1521]
iteration: 7, E = [  0   0   0   0   0   0   0   0  11  86 224 196 314 329 198 186  92  14  17   7   0   0   0   0]
S	=	 [9 9 9 9 9 9 9 8 8 8 8 8 7 7 7 7 7 3 3 3 3 3 3 3]
Jumps	=	 [7, 7, 6, 6, 5, 6, 5, 6]
Quality	=	 [1934, 1698, 1741, 1671, 1491, 1681, 1521, 1621]
iteration: 8, E = [  0   0   0   0   0   0   0   0  16  84 163 259 331 311 251 198 108  12  12   7   0   0   0   0]
S	=	 [9 9 9 9 9 9 9 9 9 8 8 8 8 8 8 8 8 3 3 3 3 3 3 3]
Jumps	=	 [7, 7, 6, 6, 5, 6, 5, 6, 6]
Quality	=	 [1934, 1698, 1741, 1671, 1491, 1681, 1521, 1621, 1691]
iteration: 9, E = [  0   0   0   0   0   0   0   0  13  86 176 193 294 350 238 254 129  12  11   4   0   0   0   0]
S	=	 [9 9 9 9 9 9 9 9 9 9 9 8 8 8 8 8 8 3 3 3 3 3 3 2]
Jumps	=	 [7, 7, 6, 6, 5, 6, 5, 6, 6, 7]
Quality	=	 [1934, 1698, 1741, 1671, 1491, 1681, 1521, 1621, 1691, 1701]
------------------------------------------------------------------------------------------
Quality IoT (min,max,avg): 62.125, 80.583, 69.792
Jumps IoT (min,max,avg): 5.000, 7.000, 6.100
Time (min,max,avg): 1798.000, 1900.000, 1858.200
