#----------------------------------------------
K = 24
N = 10
BMIN = 160
BINIT = 1800
BMAX = 2000
BSAMPLING = 1840
EnergyForLevel = 1.00
MAX_QUALITY_LVL = 100
EPSILON = 0.10

c_i = [  1, 22, 33, 43, 53, 63, 73, 84, 94,104]
q_i = [  1, 22, 32, 42, 51, 61, 71, 81, 91,100]

e_i = [  0,  0,  0,  0,  0,  0,  0,  0, 19,110,224,285,335,350,331,283,134, 20, 18,  8,  0,  0,  0,  0]
E_i = [  0,  0,  0,  0,  0,  0,  0,  0, 19,110,224,285,335,350,331,283,134, 20, 18,  8,  0,  0,  0,  0]
#----------------------------------------------
it,Energy = 0,2117
E = [0,0,0,0,0,0,0,0,19,110,224,285,335,350,331,283,134,20,18,8,0,0,0,0]
Q = 1937
S = [10,10,10,10,10,10,10,10,10,10,10,10,10,10,10,10,10,7,6,2,2,2,2,2]
Time = 1895
it,Energy = 1,1754
E = [0,0,0,0,0,0,0,0,14,74,150,225,318,336,241,237,121,18,14,6,0,0,0,0]
Q = 1700
S = [9,9,9,9,9,9,9,9,9,9,9,9,9,9,8,7,5,4,4,4,3,2,2,2]
Time = 1867
it,Energy = 2,1805
E = [0,0,0,0,0,0,0,0,16,99,152,256,331,234,311,271,99,18,11,7,0,0,0,0]
Q = 1748
S = [10,9,9,9,9,9,9,9,9,9,9,9,9,9,9,8,7,4,4,4,3,2,2,2]
Time = 1870
it,Energy = 3,1727
E = [0,0,0,0,0,0,0,0,18,73,217,176,217,301,321,257,112,17,13,5,0,0,0,0]
Q = 1671
S = [10,10,10,10,10,10,10,9,9,7,7,7,7,7,7,7,7,6,4,3,2,2,2,2]
Time = 1866
it,Energy = 4,1543
E = [0,0,0,0,0,0,0,0,13,100,190,171,257,255,198,226,95,17,14,7,0,0,0,0]
Q = 1500
S = [9,9,9,9,8,7,7,7,7,7,7,7,7,7,7,7,6,5,4,3,2,2,2,2]
Time = 1792
it,Energy = 5,1742
E = [0,0,0,0,0,0,0,0,15,69,165,242,301,294,294,198,128,19,11,6,0,0,0,0]
Q = 1689
S = [10,9,9,9,9,9,9,9,9,9,9,9,9,8,7,7,6,5,4,3,2,2,2,2]
Time = 1863
it,Energy = 6,1574
E = [0,0,0,0,0,0,0,0,18,78,150,225,247,213,278,217,117,16,11,4,0,0,0,0]
Q = 1529
S = [10,9,9,9,9,8,7,7,7,7,7,7,7,7,7,7,6,5,4,3,2,2,2,2]
Time = 1812
it,Energy = 7,1674
E = [0,0,0,0,0,0,0,0,11,86,224,196,314,329,198,186,92,14,17,7,0,0,0,0]
Q = 1622
S = [9,9,9,9,9,9,9,9,9,9,9,9,8,7,6,5,4,4,4,4,3,2,2,2]
Time = 1841
it,Energy = 8,1752
E = [0,0,0,0,0,0,0,0,16,84,163,259,331,311,251,198,108,12,12,7,0,0,0,0]
Q = 1699
S = [9,9,9,9,9,9,9,9,9,9,9,9,9,8,7,7,7,6,4,3,2,2,2,2]
Time = 1856
it,Energy = 9,1760
E = [0,0,0,0,0,0,0,0,13,86,176,193,294,350,238,254,129,12,11,4,0,0,0,0]
Q = 1704
S = [10,10,10,10,10,9,9,9,9,9,9,8,7,7,7,7,7,6,4,3,2,2,2,2]
Time = 1867

