#----------------------------------------------
K = 24
N = 20
BMIN = 160
BINIT = 1800
BMAX = 2000
BSAMPLING = 1840
EnergyForLevel = 1.00
MAX_QUALITY_LVL = 100

c_i = [  1, 22, 33, 43, 53, 63, 73, 84, 94,104,114,124,135,145,155,165,175,186,196,206]
q_i = [  1, 11, 17, 21, 26, 31, 36, 41, 46, 51, 56, 61, 66, 71, 76, 81, 85, 91, 96,100]

e_i = [  0,  0,  0,  0,  0,  0,  0,  0, 19,110,224,285,335,350,331,283,134, 20, 18,  8,  0,  0,  0,  0]
E_i = [  0,  0,  0,  0,  0,  0,  0,  0, 19,110,224,285,335,350,331,283,134, 20, 18,  8,  0,  0,  0,  0]
#----------------------------------------------
it,Energy = 0,2117
E = [0,0,0,0,0,0,0,0,19,110,224,285,335,350,331,283,134,20,18,8,0,0,0,0]
Q = 1024
S = [12,12,12,12,11,11,11,11,11,11,11,11,11,11,9,7,7,4,3,3,3,3,3,3]
Time = 2914
it,Energy = 1,1991
E = [0,0,0,0,0,0,0,0,12,129,215,287,355,290,331,192,134,23,18,5,0,0,0,0]
Q = 963
S = [10,10,10,10,10,10,10,10,10,10,10,10,10,10,10,9,9,4,3,3,3,3,3,3]
Time = 2887
it,Energy = 2,1970
E = [0,0,0,0,0,0,0,0,22,111,224,176,335,339,331,251,138,20,15,8,0,0,0,0]
Q = 953
S = [10,10,10,10,10,10,10,10,10,10,10,10,10,9,9,9,9,4,3,3,3,3,3,3]
Time = 2901
it,Energy = 3,2097
E = [0,0,0,0,0,0,0,0,20,88,257,285,341,392,297,251,128,20,13,5,0,0,0,0]
Q = 1014
S = [12,12,12,11,11,11,11,11,11,11,11,11,11,11,9,7,7,3,3,3,3,3,3,3]
Time = 2902
it,Energy = 4,2089
E = [0,0,0,0,0,0,0,0,22,67,259,285,375,350,261,288,139,22,13,8,0,0,0,0]
Q = 1010
S = [11,11,11,11,11,11,11,11,10,10,10,10,10,10,10,10,10,4,3,3,3,3,3,3]
Time = 2905
it,Energy = 5,2061
E = [0,0,0,0,0,0,0,0,16,110,224,285,298,409,331,200,143,20,18,7,0,0,0,0]
Q = 995
S = [11,11,11,11,11,10,10,10,10,10,10,10,10,10,10,10,10,4,3,3,3,3,3,3]
Time = 2902
it,Energy = 6,2073
E = [0,0,0,0,0,0,0,0,19,110,217,285,201,399,337,308,150,20,19,8,0,0,0,0]
Q = 1000
S = [11,11,11,11,11,11,10,10,10,10,10,10,10,10,10,10,10,4,3,3,3,3,3,3]
Time = 2921
it,Energy = 7,1963
E = [0,0,0,0,0,0,0,0,19,110,215,285,351,248,331,283,83,13,18,7,0,0,0,0]
Q = 949
S = [10,10,10,10,10,10,10,10,10,10,10,10,10,10,9,9,8,3,3,3,3,3,3,3]
Time = 2884
it,Energy = 8,2008
E = [0,0,0,0,0,0,0,0,19,85,224,267,314,322,331,257,142,20,19,8,0,0,0,0]
Q = 971
S = [11,11,11,10,10,10,10,10,10,10,10,10,10,10,10,10,7,4,3,3,3,3,3,3]
Time = 2904
it,Energy = 9,1959
E = [0,0,0,0,0,0,0,0,19,102,224,233,268,304,377,263,123,22,18,6,0,0,0,0]
Q = 948
S = [10,10,10,10,10,10,10,10,10,10,10,10,9,9,9,9,9,4,3,3,3,3,3,3]
Time = 2901

