#----------------------------------------------
K = 24
N = 10
BMIN = 160
BINIT = 1800
BMAX = 2000
BSAMPLING = 1840
EnergyForLevel = 1.00
MAX_QUALITY_LVL = 100

c_i = [  1, 22, 33, 43, 53, 63, 73, 84, 94,104]
q_i = [  1, 22, 32, 42, 51, 61, 71, 81, 91,100]

e_i = [  0,  0,  0,  0,  0,  0,  0,  0, 19,110,224,285,335,350,331,283,134, 20, 18,  8,  0,  0,  0,  0]
E_i = [  0,  0,  0,  0,  0,  0,  0,  0, 19,110,224,285,335,350,331,283,134, 20, 18,  8,  0,  0,  0,  0]
#----------------------------------------------
it,Energy = 0,2117
E = [0,0,0,0,0,0,0,0,19,110,224,285,335,350,331,283,134,20,18,8,0,0,0,0]
Q = 1758
S = [10,10,10,10,10,10,10,10,10,10,10,10,10,10,10,10,10,7,6,4,2,2,2,1]
Time = 1643
it,Energy = 1,1991
E = [0,0,0,0,0,0,0,0,12,129,215,287,355,290,331,192,134,23,18,5,0,0,0,0]
Q = 1744
S = [10,10,10,10,10,10,10,10,10,10,10,10,10,10,10,10,8,6,5,4,3,2,2,1]
Time = 1633
it,Energy = 2,1970
E = [0,0,0,0,0,0,0,0,22,111,224,176,335,339,331,251,138,20,15,8,0,0,0,0]
Q = 1669
S = [10,10,10,10,10,10,10,10,10,10,9,10,9,10,9,10,9,6,5,4,3,2,2,1]
Time = 1630
it,Energy = 3,2097
E = [0,0,0,0,0,0,0,0,20,88,257,285,341,392,297,251,128,20,13,5,0,0,0,0]
Q = 1925
S = [10,10,10,10,10,10,10,10,10,10,10,10,10,10,10,10,10,6,5,4,3,2,2,1]
Time = 1629
it,Energy = 4,2089
E = [0,0,0,0,0,0,0,0,22,67,259,285,375,350,261,288,139,22,13,8,0,0,0,0]
Q = 1621
S = [10,10,10,10,10,10,10,10,10,10,10,10,10,10,10,10,10,6,5,4,3,2,2,1]
Time = 1645
it,Energy = 5,2061
E = [0,0,0,0,0,0,0,0,16,110,224,285,298,409,331,200,143,20,18,7,0,0,0,0]
Q = 1797
S = [10,10,10,10,10,10,10,10,10,10,10,10,10,10,10,10,10,6,5,4,3,2,2,1]
Time = 1642
it,Energy = 6,2073
E = [0,0,0,0,0,0,0,0,19,110,217,285,201,399,337,308,150,20,19,8,0,0,0,0]
Q = 1728
S = [10,10,10,10,10,10,10,10,10,10,10,10,10,10,10,10,10,7,5,4,3,2,2,1]
Time = 1652
it,Energy = 7,1963
E = [0,0,0,0,0,0,0,0,19,110,215,285,351,248,331,283,83,13,18,7,0,0,0,0]
Q = 1720
S = [10,10,10,10,10,10,10,10,10,10,10,10,9,10,9,10,9,7,6,2,2,2,2,1]
Time = 1626
it,Energy = 8,2008
E = [0,0,0,0,0,0,0,0,19,85,224,267,314,322,331,257,142,20,19,8,0,0,0,0]
Q = 1854
S = [10,10,10,10,10,10,10,10,10,10,10,10,10,10,10,10,9,7,5,4,3,2,2,1]
Time = 1644
it,Energy = 9,1959
E = [0,0,0,0,0,0,0,0,19,102,224,233,268,304,377,263,123,22,18,6,0,0,0,0]
Q = 1489
S = [10,10,10,10,10,10,10,10,10,10,10,10,10,10,10,8,7,6,5,4,3,2,2,1]
