start parsing 68 lines:
--------------------
24 10
160 2000 1800 1840
100
[1, 22, 33, 43, 53, 63, 73, 84, 94, 104]
[1, 22, 32, 42, 51, 61, 71, 81, 91, 100]
[]
--------------------
iteration: 0, E = [  0   0   0   0   0   0   0   0  15  88 179 228 268 280 264 226 107  16  14   6   0   0   0   0]
S	=	 [9 9 9 9 9 9 9 9 9 9 9 9 9 9 9 9 3 2 2 2 2 2 2 2]
Jumps	=	 [7]
Quality	=	 [1642]
iteration: 1, E = [  0   0   0   0   0   0   0   0  10 103 171 230 284 232 264 153 107  19  14   4   0   0   0   0]
S	=	 [10  9  9  9  9  7  7  7  7  7  7  7  7  7  7  7  7  7  7  2  2  2  2  1]
Jumps	=	 [7, 9]
Quality	=	 [1642, 1547]
iteration: 2, E = [  0   0   0   0   0   0   0   0  17  88 179 141 268 271 264 201 110  16  11   6   0   0   0   0]
S	=	 [9 9 9 9 9 9 7 7 7 7 7 7 7 7 7 7 7 7 2 2 2 2 2 2]
Jumps	=	 [7, 9, 7]
Quality	=	 [1642, 1547, 1530]
iteration: 3, E = [  0   0   0   0   0   0   0   0  16  70 205 228 273 313 237 201 102  16  10   4   0   0   0   0]
S	=	 [10 10 10 10  9  9  9  9  9  7  7  7  7  7  7  7  7  7  2  2  2  2  2  2]
Jumps	=	 [7, 9, 7, 8]
Quality	=	 [1642, 1547, 1530, 1626]
iteration: 4, E = [  0   0   0   0   0   0   0   0  17  53 207 228 300 280 208 230 111  17  10   6   0   0   0   0]
S	=	 [9 9 9 9 9 9 9 9 9 9 9 7 7 7 7 7 7 6 2 2 2 2 2 2]
Jumps	=	 [7, 9, 7, 8, 7]
Quality	=	 [1642, 1547, 1530, 1626, 1620]
iteration: 5, E = [  0   0   0   0   0   0   0   0  12  88 179 228 238 327 264 160 114  16  14   5   0   0   0   0]
S	=	 [10  9  9  9  9  9  9  9  9  7  7  7  7  7  7  7  7  7  2  2  2  2  2  2]
Jumps	=	 [7, 9, 7, 8, 7, 8]
Quality	=	 [1642, 1547, 1530, 1626, 1620, 1599]
iteration: 6, E = [  0   0   0   0   0   0   0   0  15  88 173 228 160 319 269 246 119  16  15   6   0   0   0   0]
S	=	 [10  9  9  9  9  9  9  9  7  7  7  7  7  7  7  7  7  7  7  2  2  2  2  1]
Jumps	=	 [7, 9, 7, 8, 7, 8, 9]
Quality	=	 [1642, 1547, 1530, 1626, 1620, 1599, 1607]
iteration: 7, E = [  0   0   0   0   0   0   0   0  15  88 171 228 281 198 264 226  66  10  14   5   0   0   0   0]
S	=	 [9 9 9 9 9 9 9 9 9 9 9 9 9 7 7 2 2 2 2 2 2 2 2 2]
Jumps	=	 [7, 9, 7, 8, 7, 8, 9, 7]
Quality	=	 [1642, 1547, 1530, 1626, 1620, 1599, 1607, 1523]
iteration: 8, E = [  0   0   0   0   0   0   0   0  15  68 179 214 251 257 264 205 113  16  15   6   0   0   0   0]
S	=	 [10  9  9  9  9  9  9  7  7  7  7  7  7  7  7  7  7  7  2  2  2  2  2  2]
Jumps	=	 [7, 9, 7, 8, 7, 8, 9, 7, 8]
Quality	=	 [1642, 1547, 1530, 1626, 1620, 1599, 1607, 1523, 1559]
iteration: 9, E = [  0   0   0   0   0   0   0   0  15  81 179 186 214 243 300 210  98  17  14   4   0   0   0   0]
S	=	 [10  9  9  9  9  7  7  7  7  7  7  7  7  7  7  7  7  7  2  2  2  2  2  2]
Jumps	=	 [7, 9, 7, 8, 7, 8, 9, 7, 8, 8]
Quality	=	 [1642, 1547, 1530, 1626, 1620, 1599, 1607, 1523, 1559, 1519]
------------------------------------------------------------------------------------------
Quality IoT (min,max,avg): 63.292, 68.417, 65.717
Jumps IoT (min,max,avg): 7.000, 9.000, 7.800
Time (min,max,avg): 1010.000, 1011.000, 1010.500
