start parsing 68 lines:
--------------------
24 10
160 1000 800 840
100
[1, 22, 33, 43, 53, 63, 73, 84, 94, 104]
[1, 22, 32, 42, 51, 61, 71, 81, 91, 100]
[]
--------------------
iteration: 0, E = [  0   0   0   0   0   0   0   0  15  88 179 228 268 280 264 226 107  16  14   6   0   0   0   0]
S	=	 [ 9  9  9  9  9  9  4  2  2  8 10 10 10 10 10 10 10  4  4  4  3  2  2  2]
Jumps	=	 [23]
Quality	=	 [1637]
iteration: 1, E = [  0   0   0   0   0   0   0   0  10 103 171 230 284 232 264 153 107  19  14   4   0   0   0   0]
S	=	 [ 7  7  7  7  7  7  7  7  6 10 10  9  9  9  7  7  7  7  7  2  2  2  2  1]
Jumps	=	 [23, 14]
Quality	=	 [1637, 1546]
iteration: 2, E = [  0   0   0   0   0   0   0   0  17  88 179 141 268 271 264 201 110  16  11   6   0   0   0   0]
S	=	 [7 7 7 7 7 7 7 7 7 7 9 9 9 9 9 9 7 7 2 2 2 2 2 2]
Jumps	=	 [23, 14, 9]
Quality	=	 [1637, 1546, 1530]
iteration: 3, E = [  0   0   0   0   0   0   0   0  16  70 205 228 273 313 237 201 102  16  10   4   0   0   0   0]
S	=	 [ 9  9  7  7  7  7  7  7  2  7 10 10 10 10 10 10 10  9  2  2  2  2  2  2]
Jumps	=	 [23, 14, 9, 23]
Quality	=	 [1637, 1546, 1530, 1624]
iteration: 4, E = [  0   0   0   0   0   0   0   0  17  53 207 228 300 280 208 230 111  17  10   6   0   0   0   0]
S	=	 [10  7  7  7  7  7  7  7  2  7 10 10 10 10 10 10 10  4  4  4  3  2  2  2]
Jumps	=	 [23, 14, 9, 23, 24]
Quality	=	 [1637, 1546, 1530, 1624, 1614]
iteration: 5, E = [  0   0   0   0   0   0   0   0  12  88 179 228 238 327 264 160 114  16  14   5   0   0   0   0]
S	=	 [10  7  7  7  7  7  7  7  2  9 10 10 10  9  9  9  9  9  2  2  2  2  2  2]
Jumps	=	 [23, 14, 9, 23, 24, 24]
Quality	=	 [1637, 1546, 1530, 1624, 1614, 1597]
iteration: 6, E = [  0   0   0   0   0   0   0   0  15  88 173 228 160 319 269 246 119  16  15   6   0   0   0   0]
S	=	 [ 7  7  7  7  7  7  7  7  6  9 10 10  9  9  9  9  9  7  7  2  2  2  2  1]
Jumps	=	 [23, 14, 9, 23, 24, 24, 14]
Quality	=	 [1637, 1546, 1530, 1624, 1614, 1597, 1606]
iteration: 7, E = [  0   0   0   0   0   0   0   0  15  88 171 228 281 198 264 226  66  10  14   5   0   0   0   0]
S	=	 [9 9 9 9 9 9 4 2 2 7 9 9 9 9 9 9 7 7 2 2 2 2 2 2]
Jumps	=	 [23, 14, 9, 23, 24, 24, 14, 21]
Quality	=	 [1637, 1546, 1530, 1624, 1614, 1597, 1606, 1523]
iteration: 8, E = [  0   0   0   0   0   0   0   0  15  68 179 214 251 257 264 205 113  16  15   6   0   0   0   0]
S	=	 [10  7  7  7  7  7  7  7  2  7  9  9  9  9  9  9  9  7  7  2  2  2  2  1]
Jumps	=	 [23, 14, 9, 23, 24, 24, 14, 21, 23]
Quality	=	 [1637, 1546, 1530, 1624, 1614, 1597, 1606, 1523, 1558]
iteration: 9, E = [  0   0   0   0   0   0   0   0  15  81 179 186 214 243 300 210  98  17  14   4   0   0   0   0]
S	=	 [10  7  7  7  7  7  7  7  2  9  9  9  9  9  7  7  7  7  7  2  2  2  2  1]
Jumps	=	 [23, 14, 9, 23, 24, 24, 14, 21, 23, 23]
Quality	=	 [1637, 1546, 1530, 1624, 1614, 1597, 1606, 1523, 1558, 1518]
------------------------------------------------------------------------------------------
Quality IoT (min,max,avg): 63.250, 68.208, 65.638
Jumps IoT (min,max,avg): 9.000, 24.000, 19.800
Time (min,max,avg): 431.000, 432.000, 431.700
